1 -8.613281e-01 2.023438e+00 -6.640625e-01
1 -7.890625e-01 2.099609e+00 -4.960938e-01
1 -8.066406e-01 2.117188e+00 -5.996094e-01
1 -8.613281e-01 1.968750e+00 -8.085938e-01
1 -7.246094e-01 1.882812e+00 -6.152344e-01
1 -8.085938e-01 1.886719e+00 -6.582031e-01
1 -6.894531e-01 1.960938e+00 -7.304688e-01
1 -8.437500e-01 1.996094e+00 -6.074219e-01
1 -9.335938e-01 1.988281e+00 -6.757812e-01
1 -8.789062e-01 2.003906e+00 -8.417969e-01
1 -7.246094e-01 1.917969e+00 -4.941406e-01
1 -7.421875e-01 1.960938e+00 -5.058594e-01
1 -8.437500e-01 2.042969e+00 -4.179688e-01
1 -8.613281e-01 2.054688e+00 -5.585938e-01
1 -8.066406e-01 2.007812e+00 -9.003906e-01
1 0 1.208984e+00 1.728516e+00
2 -9.335938e-01 1.966797e+00 -7.363281e-01
2 -8.066406e-01 2.113281e+00 -6.171875e-01
2 -7.890625e-01 2.101562e+00 -4.824219e-01
2 -8.066406e-01 2.164062e+00 -4.062500e-01
2 -8.613281e-01 2.017578e+00 -6.796875e-01
2 -8.789062e-01 2.103516e+00 -5.429688e-01
2 -8.222656e-01 2.152344e+00 -6.386719e-01
2 -7.246094e-01 1.845703e+00 -7.207031e-01
2 -7.421875e-01 1.890625e+00 -7.265625e-01
2 -6.894531e-01 1.931641e+00 -8.085938e-01
2 -8.437500e-01 1.992188e+00 -6.171875e-01
2 -8.613281e-01 2.058594e+00 -5.449219e-01
2 -8.789062e-01 2.113281e+00 -5.039062e-01
2 -8.222656e-01 2.208984e+00 -4.003906e-01
2 -7.246094e-01 1.890625e+00 -5.917969e-01
2 -7.421875e-01 1.929688e+00 -6.171875e-01
2 -8.437500e-01 2.050781e+00 -3.789062e-01
2 -9.335938e-01 2.072266e+00 -3.339844e-01
2 -8.066406e-01 2.189453e+00 -2.324219e-01
2 -8.222656e-01 2.244141e+00 -4.687500e-02
2 -6.835938e-02 1.062500e+00 1.929688e+00
3 4.003906e-01 1.894531e-01 -4.199219e-01
3 4.511719e-01 0 -4.921875e-01
3 3.613281e-01 2.441406e-01 -4.257812e-01
3 4.101562e-01 1.425781e-01 -4.921875e-01
3 4.609375e-01 0 -5.585938e-01
3 -8.613281e-01 2.033203e+00 -6.367188e-01
3 -7.890625e-01 2.115234e+00 -4.218750e-01
3 -8.066406e-01 2.148438e+00 -4.765625e-01
3 -9.335938e-01 1.953125e+00 -7.695312e-01
3 -8.066406e-01 1.982422e+00 -9.550781e-01
3 -7.246094e-01 1.873047e+00 -6.484375e-01
3 -8.085938e-01 1.876953e+00 -6.894531e-01
3 -6.894531e-01 1.939453e+00 -7.851562e-01
3 -9.140625e-01 1.988281e+00 -5.273438e-01
3 -8.613281e-01 2.009766e+00 -7.050781e-01
3 -8.066406e-01 2.021484e+00 -8.710938e-01
3 -7.246094e-01 1.910156e+00 -5.273438e-01
3 -7.421875e-01 1.953125e+00 -5.390625e-01
3 -8.437500e-01 2.044922e+00 -4.082031e-01
3 -8.613281e-01 2.035156e+00 -6.289062e-01
3 -6.816406e-01 1.679688e-01 -4.492188e-02
3 6.640625e-02 1.531250e+00 1.451172e+00
3 0 1.287109e+00 1.730469e+00
3 0 1.283203e+00 1.791016e+00
4 3.046875e-01 3.476562e-01 -3.984375e-01
4 3.691406e-01 2.285156e-01 -4.921875e-01
4 5.058594e-01 0 -5.878906e-01
4 3.242188e-01 3.652344e-01 -3.652344e-01
4 3.691406e-01 3.769531e-01 -3.906250e-01
4 -8.613281e-01 1.996094e+00 -7.441406e-01
4 -8.789062e-01 2.054688e+00 -7.089844e-01
4 3.242188e-01 4.062500e-01 -3.183594e-01
4 3.691406e-01 4.511719e-01 -3.007812e-01
4 -7.890625e-01 2.083984e+00 -5.585938e-01
4 -8.066406e-01 2.136719e+00 -5.312500e-01
4 -8.613281e-01 2.017578e+00 -6.816406e-01
4 -8.066406e-01 2.134766e+00 -5.371094e-01
4 -7.246094e-01 1.869141e+00 -6.601562e-01
4 -7.421875e-01 1.919922e+00 -6.464844e-01
4 -7.578125e-01 1.875000e+00 -8.750000e-01
4 -9.140625e-01 1.992188e+00 -5.058594e-01
4 -8.613281e-01 2.062500e+00 -5.292969e-01
4 -8.789062e-01 2.115234e+00 -4.960938e-01
4 -8.222656e-01 2.236328e+00 -1.992188e-01
4 -6.738281e-01 1.988281e+00 -4.902344e-01
4 -8.437500e-01 2.050781e+00 -3.789062e-01
4 -8.613281e-01 2.101562e+00 -3.457031e-01
4 -8.066406e-01 2.181641e+00 -2.929688e-01
4 -8.222656e-01 2.236328e+00 2.031250e-01
4 -5.332031e-01 3.378906e-01 1.796875e-01
4 -6.367188e-01 5.664062e-02 2.910156e-01
5 -5.332031e-01 2.187500e-01 3.125000e-01
5 -5.722656e-01 2.578125e-01 3.183594e-01
5 5.136719e-01 0 3.710938e-01
5 5.332031e-01 0 6.093750e-01
5 -8.613281e-01 2.027344e+00 -6.523438e-01
5 4.375000e-01 4.042969e-01 1.289062e-01
5 4.921875e-01 4.023438e-01 1.640625e-01
5 5.273438e-01 3.046875e-01 3.515625e-01
5 -7.890625e-01 2.099609e+00 -4.980469e-01
5 4.726562e-01 4.511719e-01 -7.226562e-02
5 -7.890625e-01 1.960938e+00 -8.964844e-01
5 -7.246094e-01 1.847656e+00 -7.148438e-01
5 -7.421875e-01 1.886719e+00 -7.343750e-01
5 -7.578125e-01 1.902344e+00 -8.144531e-01
5 -8.437500e-01 1.992188e+00 -6.191406e-01
5 -8.613281e-01 1.994141e+00 -7.460938e-01
5 -8.066406e-01 2.044922e+00 -8.164062e-01
5 -8.222656e-01 2.052734e+00 -9.082031e-01
5 -5.937500e-01 2.695312e-01 2.636719e-01
5 -6.601562e-01 1.919922e+00 -5.742188e-01
5 -6.738281e-01 1.972656e+00 -5.488281e-01
5 -6.894531e-01 1.982422e+00 -6.738281e-01
5 -8.437500e-01 2.029297e+00 -4.863281e-01
5 -8.613281e-01 2.039062e+00 -6.113281e-01
5 -8.066406e-01 2.031250e+00 -8.496094e-01
5 3.906250e-01 4.218750e-01 -3.164062e-01
5 5.722656e-01 3.144531e-01 2.636719e-01
5 2.851562e-01 4.375000e-01 -3.144531e-01
5 2.675781e-01 5.585938e-01 -2.167969e-01
5 2.285156e-01 5.097656e-01 -2.421875e-01
5 2.460938e-01 5.410156e-01 -2.773438e-01
5 2.265625e-01 5.820312e-01 2.050781e-01
5 5.937500e-01 3.535156e-01 -1.328125e-01
6 3.242188e-01 2.773438e-01 -4.355469e-01
6 3.906250e-01 0 -5.292969e-01
6 4.609375e-01 0 -6.210938e-01
6 5.156250e-01 0 -6.386719e-01
6 3.613281e-01 2.246094e-01 -4.355469e-01
6 3.906250e-01 2.714844e-01 -4.531250e-01
6 4.394531e-01 1.757812e-01 -5.195312e-01
6 -8.613281e-01 2.001953e+00 -7.285156e-01
6 -8.789062e-01 2.074219e+00 -6.464844e-01
6 3.808594e-01 2.265625e-01 -4.179688e-01
6 4.101562e-01 3.300781e-01 -3.925781e-01
6 4.843750e-01 3.242188e-01 -3.945312e-01
6 -8.613281e-01 2.068359e+00 -5.039062e-01
6 -8.789062e-01 2.105469e+00 -5.390625e-01
6 3.730469e-01 3.359375e-01 -4.921875e-01
6 3.964844e-01 3.398438e-01 -4.707031e-01
6 -8.613281e-01 2.041016e+00 -6.035156e-01
6 -8.066406e-01 2.134766e+00 -5.371094e-01
6 -7.246094e-01 1.869141e+00 -6.601562e-01
6 -7.421875e-01 1.878906e+00 -7.558594e-01
6 -6.894531e-01 1.908203e+00 -8.593750e-01
6 -7.734375e-01 2.050781e+00 -5.117188e-01
6 -8.613281e-01 2.050781e+00 -5.742188e-01
6 -8.066406e-01 2.134766e+00 -5.371094e-01
6 -8.964844e-01 2.191406e+00 -3.281250e-01
6 -6.152344e-01 0 -5.644531e-01
6 -6.601562e-01 1.886719e+00 -6.738281e-01
6 -7.421875e-01 1.929688e+00 -6.171875e-01
6 -7.578125e-01 1.976562e+00 -6.152344e-01
6 -8.437500e-01 2.025391e+00 -4.980469e-01
6 -7.890625e-01 2.132812e+00 -3.281250e-01
6 -8.066406e-01 2.173828e+00 -3.457031e-01
6 -8.222656e-01 2.244141e+00 -5.078125e-02
6 -7.031250e-01 2.207031e-01 1.406250e-01
6 5.058594e-01 0 5.722656e-01
7 -1.855469e-01 0 -6.445312e-01
7 -8.613281e-01 1.980469e+00 -7.832031e-01
7 -8.613281e-01 2.054688e+00 -5.566406e-01
7 4.316406e-01 8.593750e-02 -4.882812e-01
7 -7.890625e-01 1.960938e+00 -8.964844e-01
7 -7.246094e-01 1.845703e+00 -7.207031e-01
7 -8.085938e-01 1.855469e+00 -7.441406e-01
7 -7.578125e-01 1.902344e+00 -8.125000e-01
7 -8.437500e-01 1.996094e+00 -6.074219e-01
7 -8.613281e-01 2.009766e+00 -7.050781e-01
7 -8.789062e-01 2.015625e+00 -8.125000e-01
7 -8.222656e-01 2.013672e+00 -9.921875e-01
7 3.691406e-01 0 -5.742188e-01
7 -6.601562e-01 1.919922e+00 -5.742188e-01
7 -7.421875e-01 1.968750e+00 -4.785156e-01
7 -6.894531e-01 1.982422e+00 -6.738281e-01
7 -7.734375e-01 2.060547e+00 -4.667969e-01
7 -8.613281e-01 2.050781e+00 -5.742188e-01
7 -8.789062e-01 2.027344e+00 -7.851562e-01
7 -5.957031e-01 2.265625e-01 1.601562e-01
7 -5.957031e-01 2.480469e-01 -1.230469e-01
7 -2.066406e+00 0 2.195312e+00
8 -8.613281e-01 2.074219e+00 -4.824219e-01
8 -8.789062e-01 2.109375e+00 -5.253906e-01
8 -7.246094e-01 1.781250e+00 -8.671875e-01
8 -7.421875e-01 1.841797e+00 -8.417969e-01
8 -7.578125e-01 1.886719e+00 -8.476562e-01
8 -9.140625e-01 1.937500e+00 -6.855469e-01
8 -8.613281e-01 1.941406e+00 -8.750000e-01
8 -8.789062e-01 1.962891e+00 -9.316406e-01
8 -7.246094e-01 1.894531e+00 -5.820312e-01
8 -8.085938e-01 1.886719e+00 -6.621094e-01
8 -8.261719e-01 1.902344e+00 -7.460938e-01
8 -8.437500e-01 2.019531e+00 -5.195312e-01
8 -7.890625e-01 2.042969e+00 -6.933594e-01
8 -8.789062e-01 2.042969e+00 -7.421875e-01
8 -7.890625e-01 2.025391e+00 -7.402344e-01
8 -8.066406e-01 2.054688e+00 -7.890625e-01
8 -7.246094e-01 1.810547e+00 -8.066406e-01
8 -8.085938e-01 1.828125e+00 -8.066406e-01
8 -6.894531e-01 1.822266e+00 -1.027344e+00
8 -8.437500e-01 1.990234e+00 -6.230469e-01
8 -8.613281e-01 2.033203e+00 -6.347656e-01
8 -8.789062e-01 2.048828e+00 -7.265625e-01
8 -7.246094e-01 1.876953e+00 -6.347656e-01
8 -7.421875e-01 1.933594e+00 -6.035156e-01
8 -6.894531e-01 1.923828e+00 -8.261719e-01
8 -9.140625e-01 2.011719e+00 -4.218750e-01
8 -8.613281e-01 2.070312e+00 -4.960938e-01
8 -8.066406e-01 2.117188e+00 -6.054688e-01
8 0 4.824219e-01 2.054688e+00
8 -1.859375e+00 9.238281e-01 7.382812e-01
8 -2.021484e+00 0 1.886719e+00
8 -1.996094e+00 5.957031e-01 -7.167969e-01
9 -9.140625e-01 1.966797e+00 -5.976562e-01
9 -8.613281e-01 2.035156e+00 -6.269531e-01
9 -7.246094e-01 1.757812e+00 -9.140625e-01
9 -8.085938e-01 1.806641e+00 -8.574219e-01
9 -7.578125e-01 1.855469e+00 -9.140625e-01
9 -9.140625e-01 1.964844e+00 -6.054688e-01
9 -8.613281e-01 2.050781e+00 -5.742188e-01
9 -8.789062e-01 2.117188e+00 -4.941406e-01
9 -7.246094e-01 1.857422e+00 -6.914062e-01
9 -7.421875e-01 1.902344e+00 -6.953125e-01
9 -6.894531e-01 1.935547e+00 -7.949219e-01
9 -8.437500e-01 2.035156e+00 -4.609375e-01
9 -8.613281e-01 2.076172e+00 -4.785156e-01
9 -8.066406e-01 2.152344e+00 -4.648438e-01
9 -7.480469e-01 2.251953e+00 -2.988281e-01
9 -8.613281e-01 2.072266e+00 -4.941406e-01
9 -8.066406e-01 2.130859e+00 -5.488281e-01
9 -7.246094e-01 1.886719e+00 -6.054688e-01
9 -8.085938e-01 1.943359e+00 -4.687500e-01
9 -9.140625e-01 1.917969e+00 -7.382812e-01
9 -9.335938e-01 1.974609e+00 -7.128906e-01
9 -8.789062e-01 2.068359e+00 -6.660156e-01
9 -8.222656e-01 2.152344e+00 -6.386719e-01
9 -7.421875e-01 1.990234e+00 -3.789062e-01
9 -8.437500e-01 2.011719e+00 -5.527344e-01
9 -8.613281e-01 2.054688e+00 -5.566406e-01
9 -8.066406e-01 2.150391e+00 -4.707031e-01
9 -8.222656e-01 2.234375e+00 -2.187500e-01
10 4.199219e-01 0 5.449219e-01
10 4.316406e-01 0 -6.562500e-01
10 4.609375e-01 0 -6.074219e-01
10 -7.890625e-01 2.123047e+00 -3.789062e-01
10 -8.066406e-01 2.177734e+00 -3.261719e-01
10 4.003906e-01 0 -5.742188e-01
10 4.316406e-01 0 -6.328125e-01
10 4.179688e-01 0 -6.464844e-01
10 -7.246094e-01 1.857422e+00 -6.875000e-01
10 -7.421875e-01 1.902344e+00 -6.972656e-01
10 -8.261719e-01 1.951172e+00 -6.054688e-01
10 -8.437500e-01 1.962891e+00 -7.031250e-01
10 -9.335938e-01 1.921875e+00 -8.457031e-01
10 -8.789062e-01 1.996094e+00 -8.593750e-01
10 -7.910156e-01 1.853516e+00 -6.269531e-01
10 -8.085938e-01 1.921875e+00 -5.468750e-01
10 -6.894531e-01 1.972656e+00 -6.992188e-01
10 -9.140625e-01 2.007812e+00 -4.433594e-01
10 -8.613281e-01 2.042969e+00 -6.015625e-01
10 -8.066406e-01 2.087891e+00 -6.972656e-01
10 -7.890625e-01 2.083984e+00 -5.585938e-01
10 -7.246094e-01 1.810547e+00 -8.066406e-01
10 -8.085938e-01 1.865234e+00 -7.226562e-01
10 -8.437500e-01 1.990234e+00 -6.230469e-01
10 -8.613281e-01 2.058594e+00 -5.468750e-01
10 -8.066406e-01 2.123047e+00 -5.820312e-01
10 -6.601562e-01 1.888672e+00 -6.679688e-01
10 -7.421875e-01 1.875000e+00 -7.656250e-01
10 -8.437500e-01 2.064453e+00 -3.046875e-01
10 -7.890625e-01 2.121094e+00 -3.984375e-01
10 -8.789062e-01 2.142578e+00 -3.593750e-01
10 -5.898438e-01 1.386719e-01 -6.250000e-02
10 -6.367188e-01 1.542969e-01 -5.273438e-02
10 -5.273438e-01 4.296875e-01 1.757812e-01
10 5.898438e-01 1.074219e-01 -1.054688e-01
10 6.367188e-01 1.191406e-01 -1.113281e-01
10 -5.488281e-01 3.847656e-01 2.128906e-01
10 0 1.720703e+00 1.218750e+00
10 0 1.898438e+00 1.021484e+00
10 0 1.931641e+00 1.060547e+00
11 5.332031e-01 3.789062e-01 4.687500e-02
11 5.722656e-01 0 -5.781250e-01
11 -7.890625e-01 2.074219e+00 -5.917969e-01
11 5.527344e-01 1.992188e-01 -1.621094e-01
11 5.136719e-01 3.750000e-01 -1.640625e-01
11 -9.335938e-01 2.013672e+00 -5.898438e-01
11 -8.789062e-01 2.128906e+00 -4.316406e-01
11 -7.421875e-01 1.947266e+00 -5.546875e-01
11 -8.437500e-01 2.042969e+00 -4.179688e-01
11 -8.613281e-01 2.089844e+00 -4.062500e-01
11 -8.066406e-01 2.166016e+00 -3.964844e-01
11 -8.222656e-01 2.234375e+00 2.207031e-01
11 -8.613281e-01 2.080078e+00 -4.589844e-01
11 -8.066406e-01 2.166016e+00 -3.867188e-01
11 -6.601562e-01 1.861328e+00 -7.421875e-01
11 -8.085938e-01 1.849609e+00 -7.597656e-01
11 -7.578125e-01 1.849609e+00 -9.257812e-01
11 -8.437500e-01 2.025391e+00 -5.019531e-01
11 -8.613281e-01 2.011719e+00 -6.992188e-01
11 -8.066406e-01 2.064453e+00 -7.656250e-01
11 -7.246094e-01 1.912109e+00 -5.175781e-01
11 -7.421875e-01 1.873047e+00 -7.695312e-01
11 -8.261719e-01 1.910156e+00 -7.226562e-01
11 -7.734375e-01 2.064453e+00 -4.511719e-01
11 -8.613281e-01 2.058594e+00 -5.468750e-01
11 -8.066406e-01 2.144531e+00 -4.921875e-01
11 -8.222656e-01 2.222656e+00 -3.203125e-01
11 -1.912109e+00 0 1.714844e+00
11 -1.714844e+00 1.214844e+00 -1.894531e-01
12 5.136719e-01 0 -4.199219e-01
12 5.332031e-01 0 -5.742188e-01
12 4.843750e-01 0 -6.152344e-01
12 -7.890625e-01 2.119141e+00 -3.984375e-01
12 -8.066406e-01 2.162109e+00 -4.101562e-01
12 4.921875e-01 3.261719e-01 -2.871094e-01
12 4.843750e-01 2.714844e-01 -4.316406e-01
12 -8.437500e-01 2.007812e+00 -5.625000e-01
12 -8.613281e-01 1.984375e+00 -7.734375e-01
12 -7.246094e-01 1.875000e+00 -6.386719e-01
12 -7.421875e-01 1.910156e+00 -6.738281e-01
12 -8.261719e-01 1.916016e+00 -7.089844e-01
12 -7.734375e-01 2.041016e+00 -5.488281e-01
12 -8.613281e-01 2.037109e+00 -6.230469e-01
12 -8.066406e-01 2.041016e+00 -8.261719e-01
12 -7.890625e-01 2.060547e+00 -6.367188e-01
12 -8.789062e-01 2.048828e+00 -7.246094e-01
12 4.101562e-01 0 -5.859375e-01
12 -7.246094e-01 1.810547e+00 -8.066406e-01
12 -8.085938e-01 1.865234e+00 -7.226562e-01
12 -7.578125e-01 1.835938e+00 -9.550781e-01
12 -9.843750e-01 1.949219e+00 -5.449219e-01
12 -8.613281e-01 2.037109e+00 -6.191406e-01
12 -8.789062e-01 2.076172e+00 -6.425781e-01
12 4.003906e-01 0 -5.703125e-01
12 4.101562e-01 0 -5.429688e-01
12 -6.601562e-01 1.912109e+00 -5.996094e-01
12 -7.421875e-01 1.900391e+00 -7.011719e-01
12 -7.578125e-01 1.886719e+00 -8.476562e-01
12 -8.437500e-01 2.064453e+00 -3.046875e-01
12 -8.613281e-01 2.083984e+00 -4.355469e-01
12 -8.066406e-01 2.148438e+00 -4.785156e-01
12 1.640625e-01 6.328125e-01 5.468750e-02
12 1.757812e-01 6.816406e-01 0
12 6.250000e-02 6.523438e-01 2.343750e-02
12 1.757812e-01 5.839844e-01 3.515625e-01
12 -1.546875e+00 1.230469e+00 1.074219e+00
12 0 9.296875e-01 1.894531e+00
12 0 1.107422e+00 1.849609e+00
12 1.328125e-01 1.207031e+00 1.724609e+00
12 1.328125e-01 1.013672e+00 1.845703e+00
13 4.726562e-01 3.281250e-01 -3.164062e-01
13 -5.722656e-01 4.082031e-01 4.101562e-02
13 -8.437500e-01 2.023438e+00 -5.078125e-01
13 -7.890625e-01 2.062500e+00 -6.347656e-01
13 4.765625e-01 0 4.707031e-01
13 4.726562e-01 4.472656e-01 9.179688e-02
13 -5.722656e-01 3.867188e-01 1.367188e-01
13 -8.437500e-01 2.019531e+00 -5.234375e-01
13 -9.335938e-01 2.033203e+00 -5.234375e-01
13 -8.789062e-01 2.111328e+00 -5.175781e-01
13 4.921875e-01 4.101562e-01 1.406250e-01
13 -5.273438e-01 4.335938e-01 1.660156e-01
13 -7.421875e-01 1.906250e+00 -6.855469e-01
13 -8.437500e-01 2.037109e+00 -4.511719e-01
13 -8.613281e-01 2.087891e+00 -4.140625e-01
13 -8.066406e-01 2.144531e+00 -4.921875e-01
13 -8.964844e-01 2.207031e+00 -2.031250e-01
13 -7.890625e-01 2.113281e+00 -4.316406e-01
13 -7.324219e-01 2.169922e+00 -4.980469e-01
13 -6.601562e-01 1.841797e+00 -7.910156e-01
13 -7.421875e-01 1.902344e+00 -6.933594e-01
13 -8.437500e-01 1.988281e+00 -6.308594e-01
13 -8.613281e-01 2.009766e+00 -7.050781e-01
13 -8.066406e-01 2.080078e+00 -7.187500e-01
13 -8.437500e-01 2.019531e+00 -5.234375e-01
13 -8.613281e-01 2.042969e+00 -6.015625e-01
13 -8.066406e-01 2.150391e+00 -4.707031e-01
13 -8.222656e-01 2.214844e+00 -3.691406e-01
13 -5.332031e-01 3.730469e-01 -8.203125e-02
13 4.394531e-01 0 -5.820312e-01
13 -5.136719e-01 0 4.199219e-01
13 -5.742188e-01 3.066406e-01 -8.593750e-02
13 4.179688e-01 4.531250e-01 -3.398438e-01
13 -1.687500e+00 8.242188e-01 1.240234e+00
13 -5.546875e-01 3.496094e-01 -4.101562e-02
13 6.640625e-02 1.291016e+00 1.666016e+00
13 7.421875e-02 1.830078e+00 1.535156e+00
14 5.722656e-01 0 -3.417969e-01
14 5.546875e-01 0 -4.667969e-01
14 -7.890625e-01 2.130859e+00 -3.378906e-01
14 -8.066406e-01 2.160156e+00 -4.257812e-01
14 -7.480469e-01 2.251953e+00 -2.988281e-01
14 5.136719e-01 0 -3.574219e-01
14 5.742188e-01 0 -4.355469e-01
14 -9.140625e-01 1.937500e+00 -6.855469e-01
14 -8.613281e-01 1.955078e+00 -8.457031e-01
14 -8.789062e-01 1.984375e+00 -8.828125e-01
14 6.152344e-01 0 -3.691406e-01
14 -8.085938e-01 1.916016e+00 -5.664062e-01
14 -7.734375e-01 2.054688e+00 -4.902344e-01
14 -8.613281e-01 2.031250e+00 -6.367188e-01
14 -8.789062e-01 2.033203e+00 -7.675781e-01
14 -8.613281e-01 2.080078e+00 -4.531250e-01
14 -7.324219e-01 2.132812e+00 -6.386719e-01
14 3.496094e-01 2.871094e-01 -4.765625e-01
14 -7.246094e-01 1.869141e+00 -6.601562e-01
14 -8.085938e-01 1.812500e+00 -8.457031e-01
14 -8.437500e-01 2.031250e+00 -4.746094e-01
14 -8.613281e-01 2.046875e+00 -5.878906e-01
14 -8.789062e-01 2.091797e+00 -5.859375e-01
14 -6.601562e-01 1.888672e+00 -6.679688e-01
14 -7.421875e-01 1.925781e+00 -6.250000e-01
14 -8.437500e-01 2.054688e+00 -3.613281e-01
14 -7.890625e-01 2.119141e+00 -4.023438e-01
14 -8.066406e-01 2.158203e+00 -4.375000e-01
14 -7.480469e-01 2.269531e+00 -8.203125e-02
14 0 1.451172e+00 1.531250e+00
14 6.640625e-02 1.376953e+00 1.597656e+00
15 5.957031e-01 1.054688e-01 -2.558594e-01
15 6.367188e-01 2.402344e-01 -1.757812e-01
15 -7.890625e-01 2.054688e+00 -6.562500e-01
15 6.367188e-01 0 -1.992188e-01
15 6.601562e-01 1.523438e-01 -1.914062e-01
15 -9.335938e-01 2.013672e+00 -5.898438e-01
15 -8.789062e-01 2.126953e+00 -4.492188e-01
15 -8.222656e-01 2.244141e+00 -7.421875e-02
15 6.367188e-01 1.074219e-01 -1.230469e-01
15 -9.140625e-01 1.984375e+00 -5.371094e-01
15 -8.613281e-01 2.076172e+00 -4.707031e-01
15 -8.066406e-01 2.144531e+00 -4.921875e-01
15 -8.222656e-01 2.203125e+00 -4.296875e-01
15 -7.890625e-01 2.089844e+00 -5.351562e-01
15 -8.066406e-01 2.130859e+00 -5.488281e-01
15 4.101562e-01 0 -5.761719e-01
15 3.906250e-01 0 -5.644531e-01
15 -7.910156e-01 1.808594e+00 -7.441406e-01
15 -7.421875e-01 1.910156e+00 -6.738281e-01
15 -8.261719e-01 1.876953e+00 -8.066406e-01
15 -7.734375e-01 2.023438e+00 -6.054688e-01
15 -8.613281e-01 2.050781e+00 -5.742188e-01
15 -8.789062e-01 2.085938e+00 -6.074219e-01
15 -6.601562e-01 1.943359e+00 -4.921875e-01
15 -6.738281e-01 1.966797e+00 -5.761719e-01
15 -6.894531e-01 1.992188e+00 -6.386719e-01
15 -7.734375e-01 2.080078e+00 -3.710938e-01
15 -8.613281e-01 2.082031e+00 -4.472656e-01
15 -8.789062e-01 2.142578e+00 -3.632812e-01
15 -8.222656e-01 2.222656e+00 -3.203125e-01
15 4.179688e-01 0 6.621094e-01
15 1.347656e-01 1.328125e-01 2.148438e+00
15 6.835938e-02 7.636719e-01 2.066406e+00
15 -2.179688e+00 0 2.109375e+00
15 1.328125e-01 1.761719e+00 1.154297e+00
15 6.835938e-02 1.781250e+00 -1.212891e+00
15 -1.996094e+00 5.957031e-01 -7.167969e-01
15 -2.109375e+00 0 -1.525391e+00
16 -7.890625e-01 2.130859e+00 -3.378906e-01
16 -8.066406e-01 2.173828e+00 -3.496094e-01
16 -4.980469e-01 7.812500e-01 1.296875e+00
16 -4.609375e-01 7.363281e-01 1.392578e+00
16 -8.613281e-01 1.955078e+00 -8.457031e-01
16 -8.789062e-01 1.982422e+00 -8.906250e-01
16 -3.984375e-01 4.277344e-01 1.482422e+00
16 -4.101562e-01 1.855469e-01 1.578125e+00
16 -7.734375e-01 2.054688e+00 -4.902344e-01
16 -8.613281e-01 2.041016e+00 -6.074219e-01
16 -8.066406e-01 2.083984e+00 -7.109375e-01
16 -8.437500e-01 2.035156e+00 -4.609375e-01
16 -7.890625e-01 2.070312e+00 -6.035156e-01
16 -8.066406e-01 2.089844e+00 -6.914062e-01
16 -7.910156e-01 1.808594e+00 -7.441406e-01
16 -8.085938e-01 1.878906e+00 -6.816406e-01
16 -8.437500e-01 2.001953e+00 -5.898438e-01
16 -8.613281e-01 2.025391e+00 -6.562500e-01
16 -8.789062e-01 2.054688e+00 -7.070312e-01
16 -7.246094e-01 1.890625e+00 -5.937500e-01
16 -8.085938e-01 1.945312e+00 -4.609375e-01
16 -8.261719e-01 1.976562e+00 -5.175781e-01
16 -7.734375e-01 2.085938e+00 -3.378906e-01
16 -7.890625e-01 2.115234e+00 -4.277344e-01
16 -8.789062e-01 2.134766e+00 -4.023438e-01
16 6.835938e-02 2.062500e+00 6.250000e-01
16 6.835938e-02 2.140625e+00 2.539062e-01
16 -1.996094e+00 0 -1.210938e+00
16 2.250000e+00 0 -1.951172e+00
17 -8.613281e-01 2.023438e+00 -6.660156e-01
17 -8.437500e-01 1.988281e+00 -6.308594e-01
17 -9.335938e-01 2.025391e+00 -5.507812e-01
17 -8.789062e-01 2.125000e+00 -4.511719e-01
17 -8.085938e-01 1.921875e+00 -5.488281e-01
17 -8.437500e-01 2.035156e+00 -4.609375e-01
17 -8.613281e-01 2.087891e+00 -4.140625e-01
17 -8.066406e-01 2.160156e+00 -4.238281e-01
17 -8.222656e-01 2.234375e+00 2.207031e-01
17 -8.613281e-01 2.087891e+00 -4.199219e-01
17 -8.066406e-01 2.179688e+00 -3.105469e-01
17 -7.246094e-01 1.810547e+00 -8.066406e-01
17 -8.085938e-01 1.839844e+00 -7.812500e-01
17 -7.578125e-01 1.917969e+00 -7.753906e-01
17 -8.437500e-01 2.007812e+00 -5.625000e-01
17 -8.613281e-01 2.021484e+00 -6.718750e-01
17 -8.066406e-01 2.066406e+00 -7.558594e-01
17 -7.246094e-01 1.898438e+00 -5.683594e-01
17 -7.421875e-01 1.978516e+00 -4.316406e-01
17 -6.894531e-01 2.048828e+00 -4.296875e-01
17 -8.437500e-01 2.027344e+00 -4.882812e-01
17 -8.613281e-01 2.052734e+00 -5.664062e-01
17 -8.066406e-01 2.130859e+00 -5.488281e-01
17 6.835938e-02 1.988281e+00 8.300781e-01
17 0 1.757812e+00 1.328125e+00
17 -9.843750e-01 1.949219e+00 -5.449219e-01
17 6.835938e-02 2.121094e+00 3.789062e-01
17 6.835938e-02 2.199219e+00 1.289062e-01
17 -2.179688e+00 0 -2.240234e+00
18 -7.890625e-01 2.115234e+00 -4.218750e-01
18 -8.066406e-01 2.150391e+00 -4.726562e-01
18 -7.421875e-01 1.882812e+00 -7.441406e-01
18 -8.437500e-01 1.945312e+00 -7.539062e-01
18 -8.613281e-01 1.943359e+00 -8.730469e-01
18 -8.789062e-01 1.982422e+00 -8.906250e-01
18 -7.910156e-01 1.853516e+00 -6.269531e-01
18 -8.085938e-01 1.900391e+00 -6.191406e-01
18 -7.578125e-01 1.914062e+00 -7.871094e-01
18 -8.437500e-01 1.994141e+00 -6.152344e-01
18 -8.613281e-01 2.023438e+00 -6.660156e-01
18 -8.066406e-01 2.021484e+00 -8.691406e-01
18 -8.613281e-01 2.015625e+00 -6.894531e-01
18 -7.324219e-01 2.044922e+00 -8.789062e-01
18 -7.246094e-01 1.839844e+00 -7.363281e-01
18 -7.421875e-01 1.910156e+00 -6.738281e-01
18 -7.578125e-01 1.875000e+00 -8.750000e-01
18 -8.437500e-01 2.001953e+00 -5.898438e-01
18 -8.613281e-01 2.025391e+00 -6.562500e-01
18 -8.789062e-01 2.066406e+00 -6.718750e-01
18 -6.601562e-01 1.914062e+00 -5.957031e-01
18 -7.421875e-01 1.955078e+00 -5.292969e-01
18 -7.578125e-01 1.990234e+00 -5.625000e-01
18 -8.437500e-01 2.035156e+00 -4.589844e-01
18 -8.613281e-01 2.062500e+00 -5.312500e-01
18 -8.789062e-01 2.113281e+00 -5.078125e-01
18 -1.845703e+00 8.750000e-01 -5.273438e-01
18 -1.820312e+00 8.632812e-01 -7.714844e-01
18 -1.859375e+00 9.199219e-01 -7.421875e-01
19 -7.734375e-01 1.980469e+00 -7.363281e-01
19 -8.613281e-01 2.003906e+00 -7.187500e-01
19 -9.140625e-01 1.962891e+00 -6.132812e-01
19 -8.613281e-01 2.064453e+00 -5.214844e-01
19 -8.066406e-01 2.140625e+00 -5.097656e-01
19 -8.222656e-01 2.246094e+00 1.757812e-02
19 -7.421875e-01 1.947266e+00 -5.546875e-01
19 -8.437500e-01 2.005859e+00 -5.722656e-01
19 -8.613281e-01 2.072266e+00 -4.863281e-01
19 -9.531250e-01 2.095703e+00 -4.394531e-01
19 -8.964844e-01 2.212891e+00 1.191406e-01
19 -7.890625e-01 2.107422e+00 -4.589844e-01
19 -8.066406e-01 2.166016e+00 -3.867188e-01
19 -6.601562e-01 1.806641e+00 -8.652344e-01
19 -7.421875e-01 1.910156e+00 -6.738281e-01
19 -7.578125e-01 1.927734e+00 -7.519531e-01
19 -8.437500e-01 1.988281e+00 -6.308594e-01
19 -8.613281e-01 1.984375e+00 -7.714844e-01
19 -8.066406e-01 2.066406e+00 -7.558594e-01
19 -6.601562e-01 1.927734e+00 -5.468750e-01
19 -6.738281e-01 1.984375e+00 -5.058594e-01
19 -6.894531e-01 2.005859e+00 -6.015625e-01
19 -8.437500e-01 2.019531e+00 -5.234375e-01
19 -8.613281e-01 2.046875e+00 -5.898438e-01
19 -8.789062e-01 2.115234e+00 -5.019531e-01
19 -8.222656e-01 2.197266e+00 -4.570312e-01
19 6.640625e-02 1.615234e+00 1.355469e+00
19 6.835938e-02 1.937500e+00 9.433594e-01
19 -1.515625e+00 1.205078e+00 1.052734e+00
